13408 ALBERTSON BRYANA   01  480   992 0   004503 23441  0396020  1 155   P   14
14516 APPELHANS PAT      11  000   853 105 062567 26322  0471595  1 170 - P   14
17056 BISHOP LAWRENCE    99  525   785 1   178569 31795 50904772  1 990   P   14
18954 BREWER JOHN        24  400   898 0   152015 31385  0606749  1 120   P   17
24319 BRISTOW ANNE       17  370   902 110 081753 02547 50406512  2 140   P   17
24437 CANNON DONALD      14  400   951 0   056195 34320  0412990  1 160 & P   17
25127 CHANG BILL         24  000   698 0   093205 32547 50598269  1 130   P   17
30331 ELLINGTON FRANCES  21  350   575 115 080121 26335  0387914  2 125   P   21
30588 GORDON JEAN        10  500   550 0   046283 03694  0462839  2 100   P   21
34081 GARCIA THOMAS      14  205   680 0   045269 34143  0312592  1 175 & P   21
34197 HALL BENJAMIN      06  400   753 0   024712 25422  0404212  1 165   P   21
39103 HOUSTON YVONNE     12  500   815 0   081216 37320 50691572  2 145 - P   21
43229 JEFFRIES PAULINE   02  465   798 0   009425 33942  0386954  1 909   P   21
44337 JENNINGS WARREN    25  495   895 0   268436 34320  1072017  1 115   P   26
45698 JOPLIN MORRIS      13  450   756 120 064058 31630 50484710  1 170 & P   26
49007 KELLY SANFORD      23  400   865 0   132041 22844  0584196  1 160   P   26
51014 LAWTON CAROLYN     25  000   905 0   121527 34320 50896723  2 125   P   28
52514 MALIN DOROTHY      18  400   565 0   101400 37440  0584670  2 070 & P   28
54328 MANNING GEORGIA    08  080   867 0   012647 34320  0352974  2 140   P   28
55961 MORIMOTO JAMES     20  400   406 0   196002 33780  1008176  1 160   P   28
60931 MORTENSON HARVEY   25  400   861 0   184092 17955 50736135  1 135 - P   35
61211 OSBOID BARBARA     10  400   995 0   045344 34320  0472869  2 160   P   35
62563 PORTER PATRICIA    17  000   300 0   080916 31398  0641752  2 150 & P   39
68927 PARTON DOLLY       25  460   905 125 044462 29395  1541569  2 165   P   3
69748 SEATON ANTHONY     16  100   503 100 182743 37440 51012379  1 170   P   3
75171 STALEY JOSEPH      15  400   385 0   092654 27027  0637416  1 140   P   4
75455 STEVENS CLYDE      22  450   245 0   167219 31795 50417165  1 165 - P   4
76062 SUMMERS RICHARD    09  450   250 0   049658 34320  0398724  1 180   P   4
85011 TASAKI DONALD      22  470   347 0   166853 37250 50716153  1 050 & P   5
89323 WARREN ROXANNE     24  400   405 0   100268 23413  0652014  2 140   P   5
89360 WILTON HILDA       02  280   160 0   011567 19941  0264063  2 130   P   5