PALEXANDER BRUCE    1413408 480  192 23441 01 1    004503    0396020  155      0
PALT JEFFREY        1414516 000  253 26322 11 1    062567    0471595  170 05  -1
PBASS SAMUEL        1417056 525  385 31795 2251    178569    0904772  090      0
PAREES HARRY        1718954 400  398 31385 24 1    152015    0606749  120      0
PBROWN JOANNE       1724319 370  302 02547 1752    081753    0406512  140 10   1
PCAMP ANTHONY       1724437 400  251 34320 14 1    056195    0412990  160     &0
PCHU FRED           1725127 000  398 32547 2451    093205    0598269  130      0
PEASTMAN PHYLLIS    2130331 350  275 26335 21 2    080121    0387914  125 15   1
PGARDNER PAULINE    2130588 500  350 03694 10 2    046283    0462839  100      0
PGROVE RAYMOND      2134081 205  380 34143 14 1    045269    0312592  175     &0
PHAMABATA THOMAS    2134197 400  253 25422 06 1    024712    0404212  165      0
PHANSON NORMA       2139103 500  315 37320 1252    081216    0692157  145     -0
PJACKSON WESLEY     2643229 465  198 33942 02 1    009425    0386954  090      0
PJOHNSON WILLIAM    2644337 495  495 34320 25 1    268346    1072017  115      0
PJUSTIN MARK        2645698 450  256 31630 1351    064058    0484710  170 20  &1
PKRAVETZ SAMUEL     2649007 400  365 22844 23 6    132041    0584196  160      0
PMAJORS DONNA       2852514 400  345 37440 18 2    101400    0584670  070     &0
PMASTERSON GEORGINA 2854328 080  167 34320 08 2    012647    0352974  140      0
PMELNICK NORMAN     2855961 400  506 33780 20 1    196002    1008176  160      0
PMILLER ROBERT      3560931 400  461 17955 2551    184092    0736135  135     -0
PNEWMAN CHARLOTTE   3561211 400  295 34320 10 2    045344    0472869  160      0
PPARKER MARSHA      3962563 000  300 31398 17 2    080916    0641752  150     &0
PROSEN ROBERTA      3968927 460  905 29395 25 2    044462    1541569  165 25   1
PSMITH GARY         3969748 100  503 37440 1651    182743    1012379  170 00   
PSTANLEY JAMES      4275171 400  385 27027 15 1    092654    0637416  140      
PSTREET DONALD      4275455 450  245 31795 2251    167219    0417165  165     -
PSUTTON DAVID       4276062 405  250 34320 09 1    049658    0398724  180      
PSWEENEY MICHAEL    5385011 470  347 37250 2251    166853    0716153  050     &
PWALLACE ANN        5389323 400  405 23413 24 2    120268    0652014  140      
PYAMAMOTO PAULA     5389360 280  160 19941 02 2    011567    0264063  130      
